37
12.08 13.23 0.8664 5.099 2.936 1.415 4.961 1
11.81 13.45 0.8198 5.413 2.716 4.898 5.352 3
18.94 16.32 0.8942 6.144 3.825 2.908 5.949 2
15.49 14.94 0.8724 5.757 3.371 3.412 5.228 1
20.71 17.23 0.8763 6.579 3.814 4.451 6.451 2
10.82 12.83 0.8256 5.18 2.63 4.853 5.089 3
11.41 12.95 0.856 5.09 2.775 4.957 4.825 3
11.18 13.04 0.8266 5.22 2.693 3.332 5.001 3
16.63 15.46 0.8747 6.053 3.465 2.04 5.877 1
13.32 13.94 0.8613 5.541 3.073 7.035 5.44 3
20.16 17.03 0.8735 6.513 3.773 1.91 6.185 2
10.8 12.57 0.859 4.981 2.821 4.773 5.063 3
15.05 14.68 0.8779 5.712 3.328 2.129 5.36 1
16.19 15.16 0.8849 5.833 3.421 0.903 5.307 1
14.33 14.28 0.8831 5.504 3.199 3.328 5.224 1
20.88 17.05 0.9031 6.45 4.032 5.016 6.321 2
19.14 16.61 0.8722 6.259 3.737 6.682 6.053 2
14.38 14.21 0.8951 5.386 3.312 2.462 4.956 1
13.07 13.92 0.848 5.472 2.994 5.304 5.395 3
18.65 16.41 0.8698 6.285 3.594 4.391 6.102 2
13.84 13.94 0.8955 5.324 3.379 2.259 4.805 1
18.3 15.89 0.9108 5.979 3.755 2.837 5.962 2
12.67 13.32 0.8977 4.984 3.135 2.3 4.745 3
11.87 13.02 0.8795 5.132 2.953 3.597 5.132 3
15.88 14.9 0.8988 5.618 3.507 0.7651 5.091 1
13.54 13.85 0.8871 5.348 3.156 2.587 5.178 1
15.03 14.77 0.8658 5.702 3.212 1.933 5.439 1
12.3 13.34 0.8684 5.243 2.974 5.637 5.063 3
15.11 14.54 0.8986 5.579 3.462 3.128 5.18 1
17.99 15.86 0.8992 5.89 3.694 2.068 5.837 2
14.16 14.4 0.8584 5.658 3.129 3.072 5.176 1
19.57 16.74 0.8779 6.384 3.772 1.472 6.273 2
18.89 16.23 0.9008 6.227 3.769 3.639 5.966 2
11.26 13.01 0.8355 5.186 2.71 5.335 5.092 3
15.38 14.9 0.8706 5.884 3.268 4.462 5.795 2
14.86 14.67 0.8676 5.678 3.258 2.129 5.351 1
12.8 13.47 0.886 5.16 3.126 4.873 4.914 3