52
0.67 0.39 0.48 0.5 0.36 0.38 0.46 1
0.79 0.41 0.48 0.5 0.66 0.81 0.83 4
0.26 0.26 0.48 0.5 0.34 0.25 0.35 1
0.59 0.49 0.48 0.5 0.52 0.45 0.36 1
0.29 0.37 0.48 0.5 0.48 0.44 0.52 1
0.61 0.75 0.48 0.5 0.51 0.33 0.33 5
0.66 0.74 0.48 0.5 0.31 0.38 0.43 3
0.32 0.42 0.48 0.5 0.35 0.28 0.38 1
0.34 0.42 0.48 0.5 0.41 0.34 0.43 1
0.34 0.28 0.48 0.5 0.41 0.35 0.44 1
0.38 0.44 0.48 0.5 0.43 0.2 0.31 1
0.29 0.28 0.48 0.5 0.44 0.23 0.34 1
0.28 0.33 0.48 0.5 0.45 0.22 0.33 1
0.6 0.76 1 0.5 0.77 0.59 0.52 5
0.55 0.47 0.48 0.5 0.57 0.78 0.8 2
0.29 0.28 0.48 0.5 0.5 0.42 0.5 1
0.68 0.67 0.48 0.5 0.49 0.4 0.34 3
0.23 0.33 0.48 0.5 0.43 0.33 0.43 1
0.62 0.83 0.48 0.5 0.46 0.36 0.4 3
0.74 0.44 0.48 0.5 0.55 0.88 0.89 2
0.44 0.42 0.48 0.5 0.42 0.25 0.2 1
0.86 0.55 0.48 0.5 0.63 0.81 0.83 4
0.22 0.36 0.48 0.5 0.35 0.39 0.47 1
0.81 0.52 0.48 0.5 0.57 0.78 0.8 4
0.32 0.33 0.48 0.5 0.6 0.06 0.2 1
0.2 0.46 0.48 0.5 0.57 0.78 0.81 2
0.61 0.6 0.48 0.5 0.44 0.39 0.38 3
0.26 0.5 0.48 0.5 0.44 0.32 0.41 1
0.69 0.59 0.48 0.5 0.46 0.44 0.52 3
0.44 0.28 0.48 0.5 0.43 0.27 0.37 1
0.31 0.5 0.48 0.5 0.57 0.84 0.85 2
0.71 0.4 0.48 0.5 0.71 0.7 0.74 2
0.4 0.41 0.48 0.5 0.55 0.22 0.33 1
0.44 0.34 0.48 0.5 0.3 0.33 0.43 1
0.52 0.44 0.48 0.5 0.37 0.36 0.42 1
0.78 0.44 0.48 0.5 0.45 0.73 0.68 4
0.36 0.56 0.48 0.5 0.43 0.45 0.53 1
0.29 0.47 0.48 0.5 0.71 0.65 0.69 2
0.47 0.59 0.48 0.5 0.52 0.76 0.79 2
0.71 0.57 0.48 0.5 0.48 0.35 0.32 3
0.63 0.65 0.48 0.5 0.39 0.44 0.35 3
0.69 0.67 0.48 0.5 0.3 0.39 0.24 3
0.71 0.52 0.48 0.5 0.64 1 0.99 2
0.74 0.82 0.48 0.5 0.49 0.49 0.41 3
0.48 0.41 0.48 0.5 0.51 0.9 0.88 2
0.34 0.51 0.48 0.5 0.44 0.37 0.46 1
0.69 0.65 0.48 0.5 0.63 0.48 0.41 3
0.7 0.71 0.48 0.5 0.42 0.84 0.85 3
0.68 0.78 0.48 0.5 0.43 0.44 0.42 3
0.64 0.81 0.48 0.5 0.37 0.39 0.44 3
0.51 0.37 0.48 0.5 0.35 0.36 0.45 1
0.22 0.43 0.48 0.5 0.48 0.16 0.28 1